version https://git-lfs.github.com/spec/v1
oid sha256:c96f681cd9dafdf420bf26b1a76fe8915da3d2d62fd6a783277515a700057b1f
size 662558
