version https://git-lfs.github.com/spec/v1
oid sha256:1e3547d538921d7e2eba6362bafe7ac38cb72448c1ff6825ecad8130b65b4bb4
size 651209
