version https://git-lfs.github.com/spec/v1
oid sha256:a1eb5d82e12c19d3c1a70b30c8eb6e3df606b9de7baae8400419c209934fa886
size 657249
