version https://git-lfs.github.com/spec/v1
oid sha256:11df8af3389028a8d55bf95c61abbc64827918cff0b1131aba91bb5b481e0aa6
size 675615
