version https://git-lfs.github.com/spec/v1
oid sha256:7eac9b95160b2d9c297d4a9f367a5bde4935396b70f3517b662b7284690b6a63
size 3707
