version https://git-lfs.github.com/spec/v1
oid sha256:b6f71ed36043d531dc9ee145cfaf3c6e43aef9d67a163d83d0eb7c2c3de1f4a7
size 663970
