version https://git-lfs.github.com/spec/v1
oid sha256:123b450aff6a165df6aa345ad258cad2eecaa3a547737f218dbe433748b4fe28
size 651197
