version https://git-lfs.github.com/spec/v1
oid sha256:4e7c54928367d9fa2f5b1bfc1390e7029a2a2a872ee4aa26ddb1f323ce1aa582
size 3707
