version https://git-lfs.github.com/spec/v1
oid sha256:93cffc33973b626d7d65a7f5c76b8d85f5edc0d2763f9f49aee2a162c1a46af3
size 3707
