version https://git-lfs.github.com/spec/v1
oid sha256:c124bace42c66ef833aa7c49048e9b2ca180401a28bba1522bbc09a4f8c3f05a
size 671486
