version https://git-lfs.github.com/spec/v1
oid sha256:2d83f97e10094c88cb325df08575beee04eca2b0f7283ee913f92f0ea059a237
size 651206
