version https://git-lfs.github.com/spec/v1
oid sha256:126ee2a86dbf9cd33e9f1442b6d915fe54b4a1e1a63fd89f05b815f448ef5fa2
size 658353
