version https://git-lfs.github.com/spec/v1
oid sha256:ebbb2edce77b09de543e889ac7e1888e563bf5ea034330b55f9feb3a66bd1e20
size 651193
