version https://git-lfs.github.com/spec/v1
oid sha256:e8b169a4c43c1b4fa1356d35944625808d9cb891912f8a6a14d134c12fade7ff
size 664778
