version https://git-lfs.github.com/spec/v1
oid sha256:b8424abbf7b4484cb94e024c9ba71cb387556e6f2fbb99837687f1d05533ea73
size 3707
