version https://git-lfs.github.com/spec/v1
oid sha256:f6abe7180bc1fccabbc8668e67a6b6e4b4591dd0c153e5cb8aba1c3a1f20775c
size 3707
