version https://git-lfs.github.com/spec/v1
oid sha256:612772c3c23d039a02cac23d60fa9014f88c2058da1f73d76554026464edef4b
size 3707
