version https://git-lfs.github.com/spec/v1
oid sha256:a6c4326963097c762d76995b930df33805fce19398f72f974e62bd6ff49c0f79
size 651193
