version https://git-lfs.github.com/spec/v1
oid sha256:645ac393ebd8e1edcd9dac39c5df0b5928ef1551bde57fbc164c8e434daa0bcd
size 3707
