version https://git-lfs.github.com/spec/v1
oid sha256:e863afbed7645bac9243b9840a80bb891d505c540eba4c0e195e0d012771039f
size 651193
