version https://git-lfs.github.com/spec/v1
oid sha256:956a91c861294e19cb303dfc9ed3c1d798acb3607fa12afd5697c0d935a1c059
size 664809
