version https://git-lfs.github.com/spec/v1
oid sha256:d154adea9dda576c77f836144b95d2560753f58fa10b9794d74335b88c0f7ded
size 3707
