version https://git-lfs.github.com/spec/v1
oid sha256:167ddb3c152c1646087e2cd93433906f6c3309048f7ee6979925f9e018d828ad
size 665904
