version https://git-lfs.github.com/spec/v1
oid sha256:1f5087e02218e7ad57c6c0c7ba740c317fb0b16199ff3fc315f628c2bff47968
size 3707
