version https://git-lfs.github.com/spec/v1
oid sha256:27150dc711263779118393aab9e5defac96cd2bf9f6129127af33cd595f043b2
size 3707
