version https://git-lfs.github.com/spec/v1
oid sha256:23d12bdfccc58e83085d7d39a69313bd281f70029241af33da8c8ce0778c3951
size 651195
