version https://git-lfs.github.com/spec/v1
oid sha256:eb74f47956b5303c00064c030955ed6024af28e267b570430619f33c3ab3375d
size 651194
