version https://git-lfs.github.com/spec/v1
oid sha256:ad454e3bc0f02863db64134104c3ffd91a9ccaa4c86beebb1e5f81e7ce89d90b
size 664073
