version https://git-lfs.github.com/spec/v1
oid sha256:f273eaae30b4eadb46197fb0cf11f613a597cfbd5c12a46e16bebde921a90c3f
size 3707
