version https://git-lfs.github.com/spec/v1
oid sha256:edbe0a3887a7023959ca29dc4828e28c9fad03bbc50dc2ee069680496fb959b9
size 658680
