version https://git-lfs.github.com/spec/v1
oid sha256:c839d924494da134c399f3889ba938f19a773bb961d63a05b60aee0dd530046b
size 3707
