version https://git-lfs.github.com/spec/v1
oid sha256:b067c796f6df05d647f98fdfa1de319a89e235c4136291c8f933489f13245ac8
size 651193
