version https://git-lfs.github.com/spec/v1
oid sha256:38634348c118de18fe96e61d79942c3e44c72fcb7ff9fac1371fd88cd85b080c
size 651193
