version https://git-lfs.github.com/spec/v1
oid sha256:26115921094e40f55631e41c98fce4e08a0a4268ea736bb8efc5ca78034f2410
size 3707
