version https://git-lfs.github.com/spec/v1
oid sha256:b3bcefc8997791429eeb2046b616d44bbc3f918caf786aed1b70d8973df57a4e
size 3707
